bin(4.492188e-02) = 0.0000_1011_1
bin(7.978516e-01) = 0.1100_1100_01
bin(5.000000e-01) = 0.1